1872100	126	8	5	2
1867600	87	10	5	2
1870000	108	9	5	2
1866700	117	10	5	2
1866802	96	7	5	2
1867500	60	8	5	2
1856400	36	5	5	2
1858600	3	2	1	1
1867700	192	8	5	2
1870100	3	9	5	2
1864100	165	8	5	2
1862700	84	7	5	2
1860100	45	8	5	2
1871102	228	10	5	2
2223300	9	2	1	1
1861100	156	10	5	2
1863400	183	6	5	2
1863900	66	5	5	2
1860900	21	10	5	2
1860004	30	7	5	2
1861900	96	2	5	2
1863100	21	7	5	2
1854602	0	7	5	2
1860005	33	7	5	2
1863600	198	7	5	2
1860800	36	10	5	2
1864000	111	9	5	2
1858200	183	3	5	2
1861000	42	10	5	2
1785302	54	6	3	1
2222400	48	5	2	1
1785301	24	4	5	2
1782200	48	8	5	2
1785402	75	5	5	2
1782000	60	8	5	2
1782100	111	10	5	2
1782300	60	10	5	2
1852900	12	5	3	1
1775500	45	7	2	1
1776300	9	4	2	1
1782903	105	7	5	2
2218100	66	8	5	2
2223600	39	5	1	1
1779800	42	9	5	2
1783500	30	7	5	2
2217500	21	9	5	2
2217300	48	6	5	2
2219700	117	10	5	2
2217700	6	9	5	2
1779600	51	10	5	2
1804801	117	2	7	2
2220600	36	4	3	1
1797600	54	3	4	1
1795800	9	2	7	2
2220700	51	4	2	1
1803300	93	5	7	2
1803600	162	2	7	2
1797900	141	4	4	1
1798504	264	6	7	2
1814500	39	1	7	2
1803200	297	1	7	2
1798506	492	5	7	2
1797500	87	3	4	1
1803400	84	5	7	2
1800505	135	2	7	2
2221200	72	7	2	1
1804700	81	3	7	2
2223400	27	3	1	1
2223100	18	5	1	1
1814400	240	1	7	2
1813700	159	4	7	2
1802300	78	8	7	2
1802000	129	9	7	2
1813000	132	2	7	2
1807600	84	9	7	2
1851800	117	1	7	2
1806700	150	8	7	2
1807400	69	10	7	2
1851700	249	1	7	2
1800600	111	7	7	2
1819505	108	5	7	2
1783801	126	7	4	1
1820200	90	8	7	2
1806200	225	8	7	2
1807900	234	5	7	2
1801400	93	6	7	2
1784100	12	7	4	1
1806900	201	6	7	2
1850500	102	6	7	2
1784404	3	7	1	1
1847802	30	5	7	2
1809600	84	6	7	2
1818400	75	10	7	2
1829800	135	5	7	2
1819800	81	10	7	2
1816100	282	6	7	2
1848700	144	1	7	2
1811700	114	2	7	2
1848400	36	2	7	2
1848000	156	7	7	2
1829200	0	10	7	2
1810500	147	4	7	2
1849200	114	1	7	2
1795700	27	2	7	2
1827700	3	9	7	2
1849400	123	1	7	2
1816400	195	10	7	2
1828900	222	9	7	2
1817003	102	10	7	2
1826200	102	7	7	2
1830600	171	7	7	2
1822400	132	8	7	2
1822800	123	9	7	2
1846900	69	5	7	2
1815800	99	6	7	2
1822900	198	9	7	2
1847400	117	2	7	2
1846000	69	3	7	2
1824400	96	4	7	2
1831500	39	9	7	2
1846700	171	6	7	2
1823800	90	3	7	2
1542000	90	8	6	2
1835800	117	6	7	2
1845300	147	7	7	2
1821302	99	9	7	2
1844100	0	10	7	2
1846400	81	6	7	2
1835600	171	5	7	2
1823300	123	4	7	2
1837401	111	2	7	2
1820801	192	5	7	2
1832200	96	7	7	2
1838600	93	7	7	2
1843200	159	9	7	2
1837200	282	7	7	2
1841000	87	10	7	2
1540600	24	6	6	2
1844800	207	5	7	2
1839816	42	2	7	2
1839901	0	1	7	2
1831700	129	4	7	2
1833400	102	3	7	2
1838402	84	6	7	2
1842400	123	10	7	2
1839103	108	8	7	2
1833300	123	6	7	2
1840000	72	10	7	2
1839814	42	2	7	2
1837601	228	6	7	2
1837903	174	7	7	2
1838302	162	3	7	2
1839505	174	6	7	2
1837904	162	6	7	2
1839515	138	5	7	2
1839829	114	4	7	2
1839200	102	8	7	2
1796700	144	2	4	1
1787700	93	3	3	1
1757600	18	6	7	2
1757500	195	7	7	2
1792601	81	1	7	2
1758100	18	1	7	2
1757400	48	7	7	2
1795100	99	6	4	1
1542900	27	3	1	1
1787600	99	1	3	1
1764700	108	5	6	2
1758500	153	2	4	1
1544500	60	3	2	1
1765100	207	5	6	2
1528600	129	9	5	2
1533700	132	9	5	2
1538901	42	2	2	1
1789300	78	7	3	1
1765500	27	10	6	2
1772600	51	9	6	2
1543500	6	4	2	1
1793600	126	3	4	1
1765300	105	8	6	2
1528900	72	8	5	2
1544400	90	6	2	1
1529000	72	8	5	2
1787300	138	3	3	1
1766500	96	6	6	2
1767400	186	2	6	2
1532300	36	8	5	2
1768000	150	5	6	2
1529800	138	2	5	2
1771100	81	8	6	2
1768500	96	8	6	2
1539200	75	1	2	1
1532200	111	10	5	2
1533100	90	9	5	2
1789800	99	6	3	1
1530400	111	4	5	2
1769202	87	9	6	2
1531400	75	6	5	2
1761803	102	6	6	2
1769102	408	7	6	2
1538100	75	4	3	1
1790500	69	1	3	1
1536700	45	3	2	1
1531500	54	6	5	2
1789900	51	3	3	1
1761300	36	3	2	1
1762300	78	5	3	1
1534401	36	6	1	1
1760700	111	4	3	1
1761600	90	2	3	1
1537200	48	3	2	1
1534700	12	6	1	1
1774400	75	1	4	1
1536200	21	2	1	1
1763202	27	5	2	1
1880800	183	9	6	2
1760600	90	2	3	1
1534000	108	8	1	1
1884201	33	4	3	1
1883206	6	6	6	2
1879200	12	9	6	2
1880700	162	8	6	2
1883300	108	5	6	2
1879800	150	7	6	2
1515800	54	2	2	1
1778400	69	6	3	1
1878800	228	7	6	2
1878900	138	8	6	2
1878700	75	8	6	2
2229802	12	5	1	1
2227900	21	5	1	1
1882515	21	3	2	1
1882701	24	3	3	1
1882514	0	3	2	1
1882511	63	7	2	1
1773400	33	5	2	1
1773200	30	5	1	1
2225500	18	9	2	1
1777000	54	4	2	1
2227600	63	4	2	1
1856900	330	3	5	2
1859402	12	6	2	1
1873005	219	9	5	2
1856700	57	5	5	2
1873003	267	10	5	2
1858700	126	7	5	2
2225200	66	9	1	1
2228900	33	4	2	1
1854400	81	7	3	1
2224400	24	4	1	1
1855304	0	8	5	2
1854200	42	5	3	1
2226800	60	6	1	1
1855303	0	8	5	2
1859903	57	8	5	2
1854300	27	5	3	1
1855100	117	4	3	1
2222300	75	5	2	1
2223700	30	7	1	1
2224300	45	4	1	1
1853700	63	4	3	1
1853501	0	5	1	1
1785502	0	4	1	1
1784403	54	7	3	1
1798900	447	6	7	2
1805400	69	2	7	2
1805500	243	2	7	2
1813901	177	1	7	2
1813804	75	1	7	2
1813802	144	1	7	2
1813805	135	5	7	2
1805200	189	1	7	2
1784402	72	5	3	1
1774704	15	1	2	1
1808500	132	1	7	2
1807800	78	8	7	2
1804000	138	5	7	2
1799700	78	10	7	2
1799900	129	10	7	2
1803100	93	8	7	2
1808400	18	8	7	2
1807700	27	8	7	2
1802800	96	8	7	2
1808600	120	1	7	2
1811300	117	1	7	2
1818000	75	10	7	2
1830000	138	8	7	2
1824800	105	7	7	2
1816302	84	9	7	2
1848100	120	4	7	2
1817101	276	9	7	2
1827800	60	10	7	2
1816500	48	9	7	2
1826300	123	9	7	2
1826700	3	8	7	2
1831300	6	9	7	2
1817200	96	6	7	2
1822000	99	7	7	2
1794602	90	4	7	2
1794601	21	4	7	2
1825700	141	7	7	2
1542700	54	3	2	1
1835400	81	6	7	2
1836400	210	8	7	2
1793100	45	4	7	2
1839902	129	4	7	2
1837403	81	2	7	2
1837906	0	6	7	2
1833900	93	10	7	2
1838800	123	9	7	2
1840300	144	5	7	2
1837402	123	2	7	2
1841700	156	10	7	2
1841401	15	5	7	2
1998800	0	2	1	1
1786000	96	4	2	1
1839812	99	4	7	2
1839512	126	7	7	2
1839102	60	8	7	2
1839300	126	4	7	2
1839101	147	7	7	2
1839401	156	4	7	2
1791800	57	5	3	1
1543100	75	5	2	1
1794500	39	2	7	2
1793400	156	2	4	1
1757800	60	2	7	2
1543800	54	4	3	1
1760200	30	1	4	1
1758000	195	1	7	2
1760100	51	1	4	1
1538902	48	2	2	1
1759402	36	2	7	2
1795300	114	2	4	1
1760000	72	1	4	1
1544600	39	3	2	1
1792301	69	3	7	2
1757700	129	5	7	2
1794800	42	6	4	1
1543600	66	4	2	1
1757903	15	1	7	2
1788400	51	5	4	1
1757901	78	1	7	2
1533900	69	7	5	2
1766700	153	4	6	2
1765201	81	4	6	2
1765202	102	4	6	2
1529100	126	8	5	2
1765900	0	8	6	2
1765700	6	8	6	2
1544200	48	6	2	1
1766200	0	10	6	2
1529600	105	8	5	2
1767600	207	6	6	2
1772000	66	9	6	2
1768100	45	8	6	2
1768600	114	8	6	2
1767701	120	4	6	2
1759600	60	4	6	2
1538400	69	3	2	1
1771200	129	7	6	2
1771400	102	9	6	2
1771900	87	9	6	2
1769600	168	8	6	2
1769300	315	6	6	2
1761401	57	3	3	1
1769400	240	9	6	2
1772800	99	3	4	1
1530900	153	9	5	2
1530600	81	8	5	2
1761501	24	3	3	1
1531600	132	10	5	2
1769203	153	6	6	2
1774200	54	3	4	1
1537800	42	3	2	1
1788700	6	4	6	2
1761702	75	3	3	1
1531700	225	10	5	2
1530500	189	9	5	2
1778600	3	6	1	1
1773900	9	3	2	1
1779200	36	2	2	1
1535900	45	4	1	1
1515903	15	2	1	1
1535800	42	4	2	1
1762400	3	5	3	1
1884502	135	2	3	1
1885000	99	2	3	1
1877400	201	8	6	2
2229901	9	5	2	1
1883203	3	6	6	2
1882406	15	4	3	1
1881100	30	8	6	2
1778300	12	4	2	1
1777800	60	4	2	1
1777700	51	4	3	1
1534202	27	4	1	1
1775800	6	4	1	1
2228100	24	5	2	1
1882510	9	7	2	1
1882100	81	8	3	1
1882509	27	7	2	1
1882508	24	7	2	1
2228000	30	5	2	1
1883101	63	2	2	1
1773000	36	5	2	1
1776500	12	4	2	1
1776900	30	6	1	1
1859000	282	2	5	2
2225700	60	10	2	1
2226500	39	3	2	1
2224903	3	4	1	1
2225900	42	9	2	1
2225300	78	8	1	1
2227500	72	4	1	1
1871400	120	9	5	2
1868800	93	8	5	2
1867008	177	0	5	2
1862305	81	4	5	2
1868900	69	9	5	2
1862304	114	3	5	2
1865400	0	9	5	2
1873500	105	9	5	2
1868700	87	5	5	2
1865200	105	7	5	2
1864900	54	9	5	2
1867100	129	7	5	2
1870700	96	10	5	2
1864500	219	8	5	2
1868600	72	9	5	2
1866100	186	5	5	2
1870800	105	9	5	2
1867200	108	8	5	2
1866000	78	9	5	2
1776600	18	6	1	1
1855800	75	2	5	2
2224102	6	7	1	1
1855600	51	8	5	2
1857600	84	3	3	1
2228800	36	5	2	1
1855700	135	3	5	2
2224600	21	4	1	1
1856103	99	8	5	2
1857700	255	2	5	2
2223900	60	7	1	1
1853900	63	7	3	1
2224101	18	7	1	1
2221800	57	3	1	1
2222700	39	2	1	1
1853100	36	5	2	1
1853502	0	5	1	1
2222600	18	2	3	1
1855000	84	4	3	1
1798200	45	2	4	1
1780300	75	9	5	2
2216700	126	4	5	2
2218500	105	9	5	2
1780900	81	9	5	2
2223500	36	5	1	1
1527900	57	7	1	1
2216802	78	5	5	2
1852200	81	5	3	1
1852300	63	5	3	1
1854700	39	3	3	1
1780200	111	7	5	2
1798100	117	2	4	1
1785001	123	4	3	1
2216600	120	9	5	2
1852400	57	5	3	1
1780800	105	10	5	2
2222102	30	5	2	1
1782502	93	8	5	2
1775400	15	7	1	1
1798800	75	3	7	2
1798400	9	4	7	2
1814201	66	1	7	2
1796100	27	4	7	2
1814202	144	1	7	2
1814300	324	2	7	2
1796200	57	4	7	2
1784500	39	6	2	1
1805602	3	6	7	2
1775000	15	1	1	1
1800503	132	5	7	2
1774802	15	1	2	1
1808700	57	6	7	2
1802700	132	8	7	2
1800200	120	10	7	2
1804300	189	2	7	2
1800501	129	6	7	2
1800000	93	10	7	2
1813500	48	2	7	2
1794000	15	6	7	2
1802600	126	7	7	2
1818600	66	10	7	2
1851500	27	6	7	2
1801600	99	6	7	2
1819200	102	8	7	2
1808100	114	5	7	2
1811900	180	3	7	2
1849502	12	2	7	2
1819506	162	1	7	2
1812901	69	1	7	2
1811800	81	2	7	2
1809000	168	8	7	2
1806500	87	5	7	2
1819304	108	2	7	2
1849501	72	2	7	2
1817001	171	2	7	2
1819507	111	5	7	2
1784000	51	9	4	1
1808300	120	8	7	2
1850900	87	8	7	2
1786400	105	5	3	1
1818200	78	10	7	2
1828600	0	10	7	2
1818100	72	10	7	2
1816800	126	9	7	2
1828100	57	10	7	2
1817103	270	9	7	2
1810400	129	5	7	2
1848800	168	3	7	2
1829400	3	10	7	2
1816600	108	10	7	2
1826000	60	9	7	2
1836500	138	9	7	2
1827200	60	7	7	2
1817600	129	6	7	2
1815900	147	6	7	2
1829600	3	9	7	2
1825800	123	5	7	2
1827100	99	8	7	2
1827300	60	7	7	2
1817400	72	10	7	2
1842800	90	9	7	2
1815400	96	7	7	2
1845602	114	4	7	2
1821000	108	8	7	2
1824000	96	7	7	2
1831900	120	2	7	2
1541300	132	8	6	2
1830400	87	7	7	2
1847200	150	8	7	2
1843302	66	10	7	2
1845001	87	8	7	2
1832700	30	7	7	2
1542100	111	9	6	2
1540900	21	6	6	2
1833500	87	7	7	2
1823400	96	4	7	2
1843600	144	9	7	2
1830300	84	5	7	2
1830500	153	5	7	2
1541000	21	7	6	2
1844201	105	9	7	2
1834100	0	10	7	2
1840500	165	7	7	2
1844202	18	9	7	2
1540800	99	8	6	2
1820600	225	5	7	2
1834000	30	10	7	2
1820700	6	5	7	2
1832900	87	9	7	2
1541100	108	7	6	2
1758300	36	1	7	2
1792100	165	4	7	2
1793500	129	1	4	1
1787500	78	3	4	1
1543700	66	5	2	1
1759100	228	9	7	2
1758402	81	1	7	2
1756201	105	4	7	2
1756100	249	4	7	2
1766802	42	6	6	2
1767200	189	8	6	2
1767000	231	7	6	2
1766300	183	9	6	2
1766900	114	9	6	2
1759500	135	1	3	1
1529300	99	8	5	2
1788902	54	4	6	2
1763900	165	8	6	2
1789000	42	4	6	2
1537901	69	3	1	1
1537401	87	4	3	1
1762600	21	5	3	1
1774600	0	3	1	1
1536000	15	2	1	1
1762800	15	1	3	1
1773700	39	3	2	1
1777200	51	6	2	1
1777600	15	4	1	1
1534102	69	4	2	1
1777100	57	4	3	1
1882512	0	3	2	1
1882513	36	3	2	1
1776800	6	6	1	1
1869401	0	9	5	2
1865500	0	9	5	2
1866300	159	10	5	2
1865600	93	9	5	2
1866801	225	6	5	2
1862306	66	4	5	2
1871700	72	9	5	2
1871800	60	9	5	2
1867003	66	4	5	2
1871101	141	10	5	2
1858100	51	3	5	2
1862403	42	2	5	2
2224800	27	4	1	1
1871001	78	6	5	2
2228301	21	4	1	1
1862402	21	5	5	2
1862401	27	5	5	2
1862500	72	4	5	2
1862404	96	2	5	2
2223200	66	5	1	1
1854901	90	3	3	1
1860300	9	10	5	2
1781601	66	10	5	2
1859601	99	7	5	2
1781000	60	10	5	2
2222201	60	4	5	2
1859500	60	7	5	2
2227000	75	6	2	1
1780700	141	10	5	2
2216801	6	8	5	2
1860200	24	9	5	2
1859602	60	7	5	2
1781400	75	10	5	2
1781500	96	10	5	2
1854000	3	5	1	1
1781300	75	9	5	2
1860400	39	9	5	2
1860500	138	10	5	2
1853202	123	6	4	1
1540400	12	3	1	1
2217000	54	7	5	2
2219100	48	9	5	2
2222000	45	3	2	1
1853400	78	5	4	1
2218800	66	9	5	2
1783300	87	9	5	2
2216900	69	7	5	2
2219300	45	9	5	2
1782800	96	8	5	2
1797300	120	4	7	2
1798502	0	6	7	2
2220500	57	4	3	1
1798703	129	1	7	2
1798704	66	1	7	2
1799401	39	1	3	1
1798501	147	6	7	2
1784700	30	7	2	1
1540200	15	3	2	1
1801200	81	9	7	2
1800504	63	1	7	2
1799100	222	4	7	2
1800302	72	9	7	2
1812800	126	2	7	2
1808200	153	6	7	2
1803801	78	1	7	2
1815000	84	1	7	2
1812600	102	2	7	2
1784200	0	7	1	1
1803900	117	2	7	2
1539600	15	4	2	1
1806400	87	5	7	2
1850800	96	6	7	2
1800301	156	9	7	2
1819503	126	5	7	2
1804400	45	5	7	2
1800506	102	1	7	2
1813200	189	2	7	2
1774702	0	1	1	1
1774902	9	1	1	1
1776001	42	4	2	1
1849600	45	2	7	2
1783802	72	9	4	1
1810900	192	5	7	2
1786200	135	7	4	1
1819000	66	7	7	2
1812300	168	3	7	2
1806000	138	9	7	2
1809100	141	5	7	2
1818900	57	10	7	2
1809200	204	8	7	2
1810100	141	7	7	2
1825300	87	7	7	2
1811500	195	3	7	2
1849100	90	3	7	2
1848300	168	2	7	2
1828700	3	10	7	2
1828400	24	9	7	2
1826500	84	7	7	2
1818300	81	10	7	2
1849300	138	1	7	2
1823500	105	6	7	2
1816000	123	5	7	2
1826100	96	10	7	2
1835100	21	9	7	2
1816200	111	9	7	2
1846800	108	8	7	2
1542200	108	10	6	2
1827500	75	8	7	2
1847801	135	5	7	2
1835900	93	5	7	2
1823100	102	4	7	2
1827400	117	8	7	2
1822500	102	6	7	2
1846600	150	7	7	2
1822700	165	9	7	2
1831200	39	9	7	2
1824100	99	5	7	2
1848500	144	5	7	2
1829700	90	9	7	2
1815500	60	6	7	2
1844000	78	10	7	2
1541600	9	8	6	2
1833800	198	5	7	2
1842901	72	9	7	2
1542500	69	3	2	1
1823600	126	8	7	2
1794605	12	4	7	2
1541500	30	8	6	2
1846200	114	7	7	2
1845500	72	3	7	2
1542800	57	3	2	1
1794604	9	4	7	2
1842100	72	10	7	2
1831600	90	7	7	2
1833100	78	3	7	2
1844300	39	9	7	2
1840600	138	8	7	2
1793202	33	4	7	2
1541200	72	8	6	2
1845002	0	8	7	2
1839808	36	1	7	2
1839817	45	1	7	2
1839506	54	7	7	2
1838002	168	5	7	2
1839906	39	2	7	2
1543900	42	5	3	1
1839824	69	3	7	2
1839518	135	5	7	2
1839821	24	1	7	2
1839806	54	5	7	2
1839810	15	1	7	2
1837800	225	8	7	2
1839815	96	2	7	2
1785900	114	5	3	1
1839803	99	1	7	2
1836900	123	7	7	2
1839825	147	2	7	2
1839404	186	6	7	2
1838500	87	5	7	2
1838102	120	1	7	2
1759401	63	2	7	2
1786700	96	5	4	1
1756202	123	2	7	2
1756701	219	4	7	2
1786600	24	5	4	1
1786900	66	5	4	1
1791302	12	8	3	1
1758401	18	1	7	2
1756400	45	3	7	2
1787800	84	3	3	1
1544300	42	6	1	1
1538500	42	6	2	1
1788000	108	2	3	1
1793800	99	3	3	1
1759800	57	1	3	1
1536900	108	3	2	1
1538600	75	3	2	1
1758900	9	2	2	1
1788200	63	5	3	1
1770400	60	9	6	2
1530200	189	7	5	2
1539300	60	1	2	1
1767500	99	7	6	2
1533600	108	10	5	2
1531000	78	4	5	2
1531100	24	4	5	2
1765000	147	10	6	2
1528300	3	8	5	2
1771302	150	4	6	2
1770300	150	6	6	2
1766400	225	2	6	2
1772500	186	4	6	2
1761804	39	6	6	2
1771601	195	3	6	2
1768900	81	8	6	2
1537700	78	1	3	1
1772200	66	9	6	2
1528400	0	8	5	2
1532000	90	9	5	2
1538200	45	3	2	1
1790200	42	3	3	1
1544100	57	4	2	1
1790300	84	2	2	1
1536400	63	3	2	1
1761703	51	2	6	2
1761502	99	2	6	2
1761402	108	4	6	2
1790000	6	3	4	1
1881700	72	10	6	2
1879400	36	6	6	2
1884600	93	2	3	1
1878000	129	9	6	2
1878100	9	9	6	2
1880300	117	8	6	2
1880100	21	8	6	2
1880400	177	9	6	2
1884702	36	4	3	1
1879900	63	9	6	2
1762700	123	5	3	1
1763000	66	4	3	1
1536300	30	2	2	1
1760900	24	2	3	1
1762902	78	1	4	1
1537902	0	3	1	1
1535502	21	2	2	1
1534500	24	6	2	1
1762200	93	5	3	1
1762100	48	3	2	1
1878300	156	9	6	2
1777400	12	4	2	1
1883001	39	2	3	1
1882404	81	5	3	1
2225002	0	6	1	1
1882900	45	3	3	1
1868000	114	9	5	2
1859200	54	6	3	1
1868100	102	9	5	2
2226600	12	4	1	1
1872400	132	10	5	2
1858901	183	3	5	2
1872500	27	9	5	2
1873900	87	9	5	2
1869100	129	8	5	2
1874100	9	10	5	2
1882001	9	8	2	1
1872703	198	10	5	2
1773100	18	5	2	1
1869700	0	9	5	2
1872000	96	6	5	2
1866600	75	10	5	2
1865900	132	10	5	2
1866500	96	10	5	2
1869402	54	9	5	2
1871900	132	7	5	2
1869600	6	9	5	2
2227300	33	5	1	1
1869800	63	0	5	2
1782400	9	10	5	2
1781800	78	10	5	2
1853300	90	5	4	1
2221600	36	3	2	1
2222500	24	2	2	1
1781900	63	8	5	2
1776002	0	4	1	1
2221101	15	4	5	2
1785002	30	7	5	2
1779700	138	10	5	2
1779500	66	10	5	2
2217200	54	9	5	2
1852500	66	5	4	1
1783200	141	8	5	2
2217400	6	9	5	2
1782902	147	8	5	2
2217900	15	8	5	2
1773500	21	5	1	1
1801900	90	8	7	2
2220000	57	4	2	1
1812700	165	4	7	2
1802100	138	7	7	2
1796900	63	3	3	1
1819504	195	5	7	2
1812902	114	1	7	2
1800900	123	8	7	2
1801300	66	9	7	2
1800700	48	9	7	2
1812200	150	6	7	2
1820300	69	8	7	2
1812400	120	3	7	2
1850200	174	8	7	2
1850300	123	9	7	2
1809500	129	5	7	2
1819303	147	6	7	2
1850400	72	6	7	2
1812000	84	1	7	2
1784405	21	7	3	1
1836200	66	8	7	2
1798600	93	3	7	2
1847000	195	8	7	2
1830800	39	9	7	2
1824200	24	5	7	2
1815600	75	7	7	2
1542300	72	6	6	2
1824300	99	3	7	2
1835200	81	10	7	2
1847500	177	5	7	2
1821400	168	7	7	2
1541800	78	8	6	2
1832100	129	6	7	2
1832500	135	7	7	2
1835700	222	6	7	2
1843000	141	5	7	2
1823700	138	7	7	2
1821301	138	3	7	2
1834700	117	5	7	2
1846300	72	6	7	2
1841201	174	6	7	2
1834300	9	10	7	2
1820802	171	5	7	2
1837000	96	5	7	2
1844900	111	8	7	2
1839600	0	1	7	2
1839904	0	1	7	2
1843400	72	10	7	2
1844700	108	9	7	2
1837905	171	2	7	2
1837100	78	5	7	2
1833200	114	2	7	2
1820900	0	3	7	2
1839818	78	2	7	2
1842200	72	10	7	2
1844600	51	9	7	2
1839405	108	6	7	2
1840900	123	10	7	2
1843301	78	10	7	2
1793000	51	6	7	2
1839000	9	1	7	2
1543300	24	5	1	1
1792800	27	6	7	2
1838103	198	1	7	2
1840800	18	10	7	2
1791600	48	9	3	1
1839828	84	1	7	2
1839514	171	9	7	2
1757100	114	7	7	2
1757000	105	9	7	2
1544700	39	3	2	1
1757200	111	7	7	2
1757300	63	4	7	2
1757902	126	1	7	2
1756600	102	6	7	2
1756702	129	3	7	2
1756900	168	4	7	2
1792201	114	1	7	2
1532900	111	7	5	2
1538800	72	3	2	1
1790900	108	4	3	1
1528700	12	8	5	2
1788100	57	2	3	1
1763500	126	4	6	2
1788300	75	5	3	1
1789200	60	7	3	1
1528800	6	8	5	2
1788901	105	4	6	2
1789101	9	7	1	1
1765400	12	8	6	2
1772100	135	9	6	2
1793700	90	3	4	1
1759900	39	1	3	1
1764800	90	7	6	2
1759700	84	1	3	1
1758600	78	2	4	1
1538000	42	4	1	1
1768300	144	6	6	2
1536800	135	1	2	1
1770800	120	10	6	2
1789600	171	8	4	1
1788800	51	4	6	2
1771301	204	3	6	2
1770500	114	9	6	2
1529900	120	7	5	2
1530300	60	4	5	2
1758800	81	2	4	1
1788500	102	1	3	1
1769201	42	9	6	2
1761801	30	6	6	2
1537600	63	1	3	1
1537402	36	4	3	1
1531200	171	7	5	2
1769101	138	8	6	2
1531300	150	6	5	2
1760400	111	2	3	1
1763201	27	5	3	1
1537300	78	4	2	1
1763100	90	4	4	1
1536100	75	2	2	1
1761200	93	3	3	1
1535501	63	2	2	1
1774300	150	2	4	1
1880600	147	8	6	2
1878200	39	9	6	2
1879100	87	9	6	2
1883400	69	5	3	1
1883002	36	6	3	1
1883202	0	6	6	2
1879300	42	6	6	2
1778100	12	4	2	1
1777500	9	6	3	1
1779100	75	2	2	1
1878500	90	8	6	2
1878600	141	8	6	2
1878404	144	8	6	2
1878401	96	8	6	2
1882600	54	3	6	2
1882702	42	3	3	1
1878403	117	9	6	2
1878405	102	7	6	2
2228501	18	4	1	1
1882405	9	4	3	1
1857400	69	6	3	1
2229702	9	5	1	1
1773300	6	5	1	1
1872705	168	10	5	2
1773600	69	3	2	1
1872900	144	10	5	2
1872800	42	10	5	2
1872701	48	9	5	2
1873200	21	3	5	2
1856800	90	5	3	1
1872706	138	10	5	2
1858500	0	2	2	1
1873001	207	10	5	2
1873004	123	10	5	2
1867800	156	8	5	2
1867005	33	8	5	2
2228400	9	4	1	1
1870300	99	10	5	2
1870200	168	10	5	2
1872200	165	9	5	2
1869900	111	7	5	2
1866900	174	7	5	2
1867006	156	8	5	2
1856106	33	3	5	2
1861500	72	10	5	2
1862900	18	4	5	2
1864300	123	7	5	2
1861800	63	10	5	2
1862307	75	4	5	2
1861700	96	10	5	2
2226900	18	6	2	1
1871004	42	6	5	2
1861200	213	9	5	2
1855301	138	3	5	2
1862000	150	5	5	2
1858000	117	4	5	2
1859902	87	8	5	2
1861400	72	10	5	2
1863700	150	4	5	2
1861600	114	8	5	2
1862100	72	2	5	2
1854100	42	7	2	1
1864200	117	7	5	2
1775700	39	4	2	1
1853600	51	4	3	1
2221701	39	4	2	1
2222900	48	5	2	1
1852800	60	5	3	1
2222800	6	5	1	1
1785501	69	6	2	1
1785600	81	6	2	1
2218000	6	8	5	2
1853203	75	6	4	1
2222101	63	5	5	2
1779900	114	9	5	2
2217600	36	9	5	2
2219800	69	8	5	2
1783100	129	8	5	2
1780100	66	9	5	2
2217800	36	9	5	2
2218401	105	6	5	2
1814900	102	1	7	2
1797800	60	4	4	1
1852000	27	5	2	1
1805300	144	3	7	2
1799600	24	1	4	1
1804902	123	2	7	2
1796500	117	5	7	2
1798000	135	2	4	1
1784900	105	7	3	1
1804901	69	2	7	2
1804802	156	1	7	2
1797700	27	3	3	1
2220202	63	5	2	1
1794100	57	1	7	2
2220300	42	5	2	1
1784800	24	7	2	1
1815100	96	1	7	2
1852100	39	5	3	1
1805000	90	6	7	2
1527302	3	7	1	1
1539800	21	3	1	1
1807500	69	10	7	2
1802200	114	8	7	2
1799800	93	9	7	2
1813300	105	5	7	2
1801100	69	9	7	2
1851900	69	2	7	2
1800800	45	7	7	2
1807300	78	8	7	2
1802900	78	9	7	2
1811000	171	3	7	2
1807000	75	9	7	2
1851400	87	6	7	2
1808000	219	2	7	2
1806800	51	8	7	2
1820100	39	8	7	2
1819308	99	2	7	2
1820500	111	9	7	2
1819305	30	4	7	2
1795900	72	2	7	2
1830100	63	8	7	2
1825400	57	5	7	2
1849900	87	5	7	2
1829300	3	10	7	2
1850000	159	3	7	2
1822300	135	5	7	2
1543200	24	5	2	1
1808800	33	6	7	2
1818500	99	10	7	2
1817700	93	10	7	2
1849000	168	3	7	2
1825000	69	7	7	2
1810601	78	2	7	2
1848600	129	5	7	2
1811200	165	6	7	2
1825500	54	8	7	2
1817900	129	10	7	2
1805700	0	9	7	2
1826400	114	4	7	2
1825100	93	7	7	2
1830900	51	9	7	2
1835500	156	7	7	2
1824500	159	4	7	2
1831000	21	8	7	2
1836300	51	8	7	2
1835300	63	9	7	2
1815700	51	7	7	2
1791900	0	7	1	1
1831400	144	9	7	2
1847600	249	3	7	2
1845200	48	7	7	2
1830200	105	7	7	2
1821303	111	9	7	2
1821600	48	7	7	2
1541900	69	8	6	2
1845700	120	6	7	2
1815300	90	7	7	2
1835000	213	6	7	2
1842700	117	9	7	2
1823900	99	7	7	2
1539100	45	2	2	1
1840200	129	10	7	2
1840100	117	10	7	2
1837300	240	3	7	2
1540500	45	6	6	2
1838700	162	9	7	2
1841500	141	5	7	2
1839905	0	1	7	2
1839903	0	1	7	2
1841300	114	5	7	2
1837901	186	6	7	2
1839510	156	6	7	2
1838201	138	6	7	2
1839809	51	1	7	2
1840700	0	10	7	2
1839830	60	5	7	2
1839516	51	5	7	2
1839813	69	1	7	2
1763600	171	6	6	2
1766600	117	6	6	2
1764900	78	7	6	2
1528500	93	8	5	2
1764500	138	5	6	2
1529200	171	8	5	2
1764600	45	5	6	2
1765600	9	7	6	2
1766000	0	10	6	2
1538700	63	6	2	1
1533000	45	9	5	2
1771800	102	9	6	2
1768400	81	8	6	2
1771500	126	8	6	2
1768700	180	8	6	2
1532400	51	7	5	2
1758700	174	1	4	1
1771700	117	9	6	2
1530000	138	4	5	2
1771602	21	3	6	2
1774100	45	3	2	1
1535400	39	8	1	1
1534800	30	6	2	1
1884501	126	1	3	1
1884400	114	3	3	1
1884300	150	6	3	1
1778200	36	4	2	1
1534300	54	6	1	1
1882002	3	8	2	1
1882505	33	7	2	1
2224904	3	6	1	1
1859300	51	6	3	1
1882506	6	7	2	1
1882507	18	7	2	1
1776700	15	6	1	1
2224702	33	5	1	1
2225600	42	10	1	1
2228302	6	4	1	1
1858800	258	10	5	2
1858902	105	3	5	2
1857200	36	6	2	1
2225001	24	4	1	1
1871200	198	9	5	2
1870400	69	10	5	2
1873400	93	9	5	2
1865100	171	3	5	2
2227800	9	5	2	1
1864400	135	9	5	2
1863800	90	5	5	2
1870500	78	10	5	2
1867007	15	8	5	2
1862308	81	4	5	2
1863000	36	7	5	2
1868500	120	6	5	2
1870600	141	9	5	2
1862200	120	4	5	2
1864600	177	8	5	2
1873300	63	10	5	2
1873700	96	10	5	2
1862303	99	3	5	2
1864800	135	9	5	2
1867900	75	8	5	2
1855200	126	4	3	1
1855400	99	9	5	2
2226100	39	3	2	1
1858300	231	2	3	1
2224500	30	5	1	1
1857500	33	2	3	1
2226700	18	6	1	1
1854902	6	3	3	1
2227100	63	5	2	1
1855500	48	8	5	2
1785700	39	4	2	1
2227700	63	4	1	1
1853800	69	4	3	1
2221702	6	3	1	1
1854800	27	3	1	1
1853000	9	5	1	1
2223800	18	7	1	1
2223000	57	2	2	1
2224200	33	4	1	1
1854601	81	3	3	1
1527802	30	7	1	1
1785200	0	4	1	1
1783002	129	9	5	2
1852600	45	1	3	1
2221000	57	4	2	1
2221500	84	4	2	1
1780000	93	7	5	2
1783001	141	6	5	2
2220900	3	4	1	1
1782501	123	8	5	2
1780400	48	7	5	2
2218300	54	8	5	2
2220800	18	4	2	1
1540300	30	5	1	1
2218200	18	8	5	2
2218402	96	6	5	2
2221102	63	4	3	1
1798300	18	2	2	1
1780500	99	7	5	2
1775200	33	4	2	1
1776100	24	4	2	1
1813803	93	5	7	2
1799402	51	1	4	1
1805601	288	6	7	2
1796400	99	5	7	2
1797000	30	3	4	1
1796300	132	4	7	2
1805100	102	6	7	2
1814100	72	1	7	2
1814800	0	1	7	2
1813902	186	1	7	2
1813400	141	3	7	2
1804100	132	8	7	2
1804200	201	2	7	2
1802500	36	7	7	2
1800502	105	5	7	2
1803000	75	9	7	2
1815200	147	2	7	2
1813600	54	3	7	2
1802400	87	8	7	2
1800100	108	10	7	2
1819100	144	7	7	2
1794200	78	1	7	2
1806600	168	6	7	2
1810700	192	6	7	2
1813100	177	5	7	2
1849800	126	3	7	2
1810602	105	2	7	2
1801700	96	5	7	2
1820400	78	9	7	2
1818700	93	10	7	2
1819900	75	8	7	2
1850700	72	8	7	2
1850600	141	9	7	2
1818800	78	10	7	2
1817002	159	8	7	2
1819400	75	4	7	2
1801500	114	8	7	2
1829000	138	9	7	2
1809900	87	8	7	2
1812500	135	3	7	2
1829500	9	10	7	2
1848200	84	2	7	2
1848900	105	3	7	2
1829900	78	8	7	2
1824700	99	8	7	2
1828000	57	10	7	2
1816700	39	9	7	2
1827900	0	10	7	2
1811400	150	2	7	2
1824600	114	7	7	2
1825900	120	9	7	2
1831100	6	9	7	2
1826900	51	8	7	2
1786100	60	5	4	1
1847700	135	5	7	2
1822102	78	7	7	2
1826800	102	7	7	2
1821900	36	8	7	2
1827000	36	7	7	2
1817300	72	6	7	2
1832600	108	9	7	2
1832800	6	10	7	2
1821500	72	7	7	2
1821700	0	7	7	2
1846100	90	3	7	2
1799300	243	1	4	1
1842500	120	9	7	2
1847100	72	3	7	2
1795600	33	2	7	2
1832300	105	8	7	2
1843901	78	8	7	2
1845601	24	4	7	2
1845800	102	3	7	2
1834400	204	9	7	2
1831800	135	4	7	2
1823200	132	6	7	2
1834900	84	7	7	2
1843902	33	8	7	2
1843800	63	10	7	2
1845603	33	4	7	2
1841600	3	5	7	2
1838900	36	9	7	2
1791700	57	5	2	1
1793201	228	2	7	2
1840400	204	7	7	2
1841800	162	10	7	2
1841402	135	3	7	2
1837404	0	2	7	2
1841900	171	5	7	2
1540700	207	9	6	2
1885100	0	2	1	1
1837603	36	7	7	2
1836800	153	3	7	2
1839820	69	2	7	2
1839511	111	7	7	2
1839831	66	1	7	2
1838202	177	6	7	2
1839819	72	2	7	2
1838301	111	6	7	2
1841202	18	5	7	2
1837700	105	7	7	2
1795200	168	5	3	1
1799200	42	1	4	1
1795000	120	2	4	1
1794301	66	2	7	2
1759200	15	2	7	2
1791501	84	5	2	1
1759000	105	2	4	1
1792202	21	1	7	2
1794900	36	6	4	1
1792302	27	3	7	2
1795400	90	1	4	1
1791000	48	4	2	1
1787400	66	1	3	1
1792500	126	1	7	2
1539400	57	4	2	1
1792602	36	1	7	2
1792900	66	6	7	2
1764400	180	7	6	2
1529400	90	4	5	2
1766801	48	6	6	2
1760300	30	1	4	1
1763800	84	8	6	2
1765800	3	8	6	2
1533800	84	7	5	2
1766100	75	10	6	2
1763700	105	7	6	2
1768800	147	7	6	2
1533500	99	9	5	2
1533300	78	10	5	2
1767702	102	8	6	2
1769000	177	5	6	2
1772400	165	8	6	2
1533200	78	10	5	2
1532600	96	7	5	2
1530100	144	10	5	2
1539501	30	4	1	1
1530800	108	8	5	2
1531800	93	6	5	2
1770200	225	5	6	2
1788600	180	2	3	1
1771303	138	1	6	2
1769503	0	2	6	2
1790400	57	1	2	1
1769502	114	2	6	2
1769501	129	8	6	2
1530700	90	3	5	2
1536500	24	3	1	1
1767300	225	1	6	2
1535300	54	6	2	1
1762500	15	5	3	1
1778900	45	2	3	1
1778700	57	6	3	1
1535200	12	6	1	1
1535100	36	6	2	1
1760800	27	4	3	1
1884005	42	3	4	1
1884001	48	3	4	1
1884002	57	6	4	1
1884006	72	6	4	1
1884003	30	3	4	1
1877800	90	9	6	2
1877600	18	10	6	2
1877500	81	10	6	2
1881200	57	8	6	2
1883204	33	6	6	2
1877900	6	9	6	2
1881901	87	8	6	2
1881300	27	8	6	2
1883205	18	6	6	2
1779000	48	2	2	1
1778500	57	6	3	1
1534402	9	6	1	1
1761900	54	3	2	1
1882200	84	8	3	1
1882300	174	3	3	1
2226000	63	9	2	1
1859401	81	6	3	1
1857300	15	6	1	1
1857000	48	3	2	1
2225800	33	9	1	1
2225400	57	8	2	1
1857100	105	5	2	1
1859100	30	6	3	1
1865300	216	7	5	2
1856200	78	6	5	2
2227400	36	4	2	1
1871600	78	9	5	2
1858401	6	2	3	1
1871500	96	6	5	2
1864700	159	7	5	2
1871300	234	9	5	2
1865000	21	9	5	2
1866200	96	7	5	2
1776400	15	4	1	1
1856000	24	5	5	2
1857800	45	2	3	1
1856104	60	8	5	2
2225100	42	4	1	1
2224701	27	5	1	1
1855900	33	5	5	2
2227200	48	5	2	1
1854500	3	7	1	1
1856105	57	3	5	2
2226200	45	3	2	1
1775600	0	4	1	1
2218700	96	3	5	2
1782503	60	8	5	2
1783400	111	9	5	2
1779402	30	7	5	2
1782600	201	10	5	2
2221900	57	4	3	1
1785100	48	4	3	1
2218600	144	9	5	2
2219400	129	6	5	2
2218900	114	8	5	2
1798701	213	1	7	2
2220400	18	4	2	1
1797100	90	5	3	1
1799000	15	4	7	2
1798702	180	1	7	2
1539700	42	4	2	1
1814700	0	1	7	2
1814600	156	1	7	2
1799500	384	1	4	1
2221300	78	7	2	1
1775900	0	4	2	1
1808900	162	9	7	2
1810800	123	3	7	2
1819301	174	10	7	2
1850100	51	5	7	2
1809700	48	8	7	2
1783600	0	9	1	1
1820000	150	7	7	2
1805800	114	9	7	2
1849700	156	2	7	2
1783700	54	9	4	1
1828300	27	9	7	2
1811600	132	3	7	2
1796800	60	3	3	1
1794700	105	2	7	2
1828200	3	10	7	2
1810300	108	6	7	2
1819600	90	10	7	2
1826600	99	9	7	2
1817102	246	8	7	2
1810200	168	7	7	2
1843500	165	6	7	2
1833700	69	3	7	2
1833600	87	3	7	2
1832000	114	1	7	2
1834500	114	10	7	2
1542600	33	3	3	1
1821100	150	9	7	2
1845100	0	8	7	2
1541400	24	8	6	2
1845400	57	7	7	2
1833000	93	7	7	2
1543000	36	5	3	1
1842000	63	10	7	2
1844400	99	9	7	2
1839701	0	1	7	2
1839702	18	1	7	2
1844500	36	9	7	2
1834200	9	10	7	2
1842300	93	10	7	2
1838001	0	5	7	2
1839403	21	6	7	2
1839513	129	7	7	2
2219900	57	4	3	1
1837604	72	7	7	2
1792700	54	1	7	2
1794302	12	2	7	2
1539900	12	3	1	1
1839823	0	1	7	2
1795500	87	1	3	1
1544000	57	3	2	1
1838401	93	7	7	2
1839517	177	7	7	2
1796600	126	1	3	1
1785800	90	7	3	1
1841100	96	8	7	2
1794400	105	2	7	2
1839802	135	1	7	2
1839822	0	1	7	2
1786500	33	5	4	1
1786800	150	7	4	1
1791200	51	10	4	1
1792400	156	3	7	2
1791100	48	10	4	1
1759300	9	2	7	2
1758200	15	1	7	2
1791503	9	9	4	1
1756300	30	6	7	2
1790800	63	2	2	1
1764300	105	6	6	2
1764100	114	6	6	2
1538300	30	3	3	1
1767101	138	4	6	2
1789102	60	4	6	2
1529500	12	4	5	2
1764000	150	6	6	2
1767102	156	1	6	2
1764200	57	7	6	2
1770000	186	5	6	2
1528200	0	8	5	2
1533400	27	9	5	2
1789500	126	6	3	1
1772300	132	5	6	2
1769900	117	10	6	2
1760500	81	1	3	1
1763300	117	7	6	2
1532700	42	10	5	2
1529700	216	3	5	2
1769700	81	7	6	2
1528100	30	8	5	2
1763400	96	7	6	2
1531900	45	10	5	2
1769800	243	10	6	2
1787900	75	1	3	1
1767800	120	10	6	2
1770102	84	5	6	2
1770101	39	7	6	2
1532800	102	10	5	2
1790100	33	3	3	1
1880000	21	8	6	2
1881600	126	10	6	2
1884900	153	2	4	1
1881903	198	8	6	2
1884100	108	3	3	1
1877700	27	8	6	2
1881500	6	8	6	2
1881401	156	9	6	2
1881902	69	8	6	2
1884004	48	6	4	1
1884701	141	2	4	1
1881800	87	10	6	2
1880200	135	6	6	2
1761100	51	3	2	1
1774500	141	1	3	1
1778800	30	6	2	1
1535600	63	2	2	1
1535000	75	8	2	1
1761000	75	2	3	1
1537100	33	3	2	1
1762901	24	1	3	1
1534900	72	6	2	1
1773800	21	3	3	1
1777900	57	4	3	1
1534600	63	6	2	1
1535700	33	4	2	1
1537000	30	3	2	1
1774000	39	3	2	1
2229001	27	4	2	1
1882403	36	5	3	1
1872300	63	10	5	2
1867400	75	8	5	2
1874000	171	10	5	2
1867300	327	8	5	2
1869000	102	8	5	2
1873800	78	9	5	2
2228200	45	5	1	1
1873600	48	9	5	2
2228700	12	4	2	1
2224905	6	4	1	1
1870900	57	9	5	2
1869200	111	8	5	2
1772700	72	3	2	1
1858402	66	3	3	1
1856300	105	6	5	2
1869500	0	9	5	2
1867004	186	4	5	2
1866400	78	10	5	2
1865700	69	9	5	2
1865800	66	9	5	2
1863300	66	1	5	2
2226400	12	4	1	1
1863500	141	6	5	2
1862600	159	4	5	2
1871003	108	10	5	2
1863200	84	1	5	2
1857900	24	2	3	1
1862800	141	7	5	2
2226300	27	4	2	1
1785401	156	5	3	1
1860002	21	7	5	2
2224000	39	7	2	1
1781602	90	10	5	2
1860001	18	7	5	2
1853201	171	7	4	1
1781200	93	9	5	2
1860003	18	7	5	2
1859800	0	7	5	2
1781100	111	9	5	2
2222202	48	4	2	1
1860600	123	7	5	2
1859700	0	7	5	2
1852700	60	1	3	1
1780600	90	9	5	2
1859901	57	8	5	2
1861300	135	9	5	2
1781700	54	10	5	2
1860700	18	10	5	2
1779401	90	7	5	2
1782700	60	8	5	2
2219200	30	9	5	2
2219000	18	9	5	2
1782901	84	7	5	2
2219600	51	5	5	2
2217100	81	6	5	2
2219500	84	8	5	2
2216500	210	7	5	2
1776200	6	4	2	1
1775300	42	7	1	1
1784600	87	6	4	1
1797400	42	3	4	1
1797200	54	5	3	1
1540100	18	3	1	1
1798505	285	5	7	2
2221400	21	7	2	1
1798503	480	6	7	2
2220100	51	4	2	1
1543400	0	5	1	1
1784300	78	5	3	1
1801000	159	7	7	2
1803700	111	4	7	2
1803802	57	1	7	2
1807100	87	9	7	2
1786300	99	5	3	1
1811100	39	3	7	2
1796000	138	7	7	2
2220201	12	5	2	1
1800400	126	7	7	2
1801800	57	5	7	2
1851000	108	6	7	2
1814000	198	1	7	2
1804500	195	5	7	2
1806300	150	5	7	2
1851602	174	1	7	2
1803500	126	2	7	2
1804600	120	3	7	2
1807200	78	8	7	2
1851601	36	2	7	2
1793900	81	1	7	2
1775101	12	1	1	1
1775102	0	1	1	1
1819307	51	10	7	2
1809300	165	7	7	2
1819306	210	5	7	2
1806100	183	10	7	2
1812100	96	1	7	2
1809400	90	6	7	2
1783900	138	9	4	1
1805900	177	9	7	2
1851300	66	6	7	2
1851200	102	7	7	2
1828800	123	10	7	2
1809800	174	8	7	2
1825200	144	6	7	2
1825600	30	7	7	2
1828500	9	9	7	2
1810000	156	9	7	2
1816900	198	9	7	2
1819700	90	10	7	2
1824900	84	8	7	2
1851100	69	7	7	2
1822101	45	7	7	2
1827600	78	9	7	2
1836700	267	8	7	2
1830700	153	10	7	2
1816301	138	10	7	2
1847300	111	6	7	2
1823000	81	9	7	2
1822200	204	7	7	2
1817800	60	10	7	2
1542400	30	6	6	2
1845900	81	3	7	2
1817500	84	6	7	2
1836600	102	6	7	2
1846500	189	6	7	2
1836000	42	5	7	2
1829100	78	10	7	2
1847900	87	4	7	2
1821800	147	8	7	2
1836100	42	5	7	2
1822600	84	8	7	2
1843100	87	5	7	2
1842902	21	9	7	2
1832400	84	2	7	2
1842600	63	9	7	2
1821200	183	3	7	2
1843700	63	8	7	2
1834800	222	8	7	2
1794603	15	4	7	2
1541700	48	8	6	2
1834600	96	9	7	2
1839811	30	1	7	2
1839503	168	8	7	2
1837502	303	6	7	2
1793300	60	4	7	2
1839826	105	1	7	2
1838303	3	6	7	2
1838101	168	2	7	2
1837501	237	5	7	2
1839827	72	3	7	2
1838104	48	1	7	2
1787100	81	7	4	1
1791502	54	9	4	1
1756203	105	7	7	2
1791301	0	8	1	1
1787200	78	7	4	1
1756500	144	4	7	2
1791400	60	8	3	1
1756800	102	6	7	2
1787000	51	7	3	1
1539000	42	2	2	1
1770900	105	9	6	2
1768200	183	9	6	2
1789400	21	4	6	2
1532500	111	10	5	2
1770700	102	10	6	2
1767900	102	8	6	2
1770600	93	9	6	2
1789700	99	6	4	1
1532100	111	8	5	2
1771000	78	8	6	2
1761802	177	2	6	2
1761704	84	2	6	2
1790700	12	3	2	1
1790600	207	2	2	1
1537500	117	5	2	1
1772900	108	3	3	1
1536600	66	3	2	1
1879500	333	6	6	2
1884202	117	4	3	1
1881000	153	9	6	2
1881402	3	9	6	2
1879700	171	6	6	2
1879000	225	8	6	2
1879600	63	7	6	2
1880500	99	8	6	2
1880900	39	8	6	2
1779300	6	2	2	1
1778000	129	4	3	1
1777300	3	4	1	1
1762000	36	3	2	1
1882800	234	4	3	1
1883102	0	6	1	1
1873100	0	10	5	2
1856500	51	5	5	2
1872601	54	10	5	2
1856600	63	5	5	2
1868300	138	8	5	2
1868200	117	9	5	2
1869300	96	7	5	2
1872602	105	10	5	2
1868400	168	8	5	2
