1
2
1
2
2
2
3
4
2
1
5
5
6
5
7
8
5
5
8
6
2
5
9
6
5
8
5
10
8
11
7
12
12
12
12
12
12
4
13
13
14
15
16
12
14
15
15
15
15
12
17
7
18
19
7
17
17
18
20
21
22
20
18
17
22
7
17
16
7
21
23
24
24
23
25
26
25
25
26
24
27
28
29
25
25
24
30
25
26
30
26
31
29
32
29
27
26
31
26
26
32
31
26
33
32
26
27
32
27
34
32
34
34
35
29
34
35
35
34
32
35
34
36
37
35
38
39
35
37
34
40
38
41
40
39
40
39
36
39
42
42
41
41
40
39
42
41
39
42
40
40
40
42
40
42
42
42
43
30
44
44
45
44
44
43
46
30
47
48
46
49
50
50
51
30
49
52
46
43
49
50
46
50
30
49
49
50
47
53
54
47
51
50
50
55
53
54
53
56
54
51
30
51
50
30
48
48
51
48
48
51
51
57
51
48
58
48
51
59
58
58
58
58
58
51
13
58
58
58
60
60
61
61
61
4
57
57
62
13
60
3
4
63
3
63
10
62
60
4
16
6
4
60
6
6
4
4
7
16
16
4
64
11
30
65
17
17
21
21
21
21
17
11
13
25
25
17
24
24
24
25
25
24
25
31
29
32
34
27
26
27
32
27
34
32
32
29
34
33
33
34
46
37
37
66
42
40
40
41
40
39
40
39
39
61
30
42
42
42
42
42
42
30
46
33
43
44
46
48
66
48
51
66
43
48
46
33
44
43
46
44
30
66
50
49
49
49
50
49
49
46
49
50
49
47
47
47
49
67
51
47
52
47
54
54
48
54
57
53
53
48
50
54
57
51
68
48
50
53
13
57
13
51
51
51
48
61
61
58
60
58
61
58
13
13
13
51
13
60
4
4
4
4
60
4
57
13
13
10
62
60
16
62
62
60
1
69
2
2
69
2
5
1
69
2
5
69
69
5
69
2
69
69
2
13
9
16
9
4
60
9
16
9
10
16
4
16
7
7
4
64
7
4
18
12
15
15
12
16
51
15
64
64
4
12
18
11
15
70
12
7
14
13
65
65
21
19
21
21
19
30
22
13
22
13
25
24
24
17
22
24
23
22
24
29
26
24
29
25
31
26
27
23
31
25
25
27
26
27
27
28
25
26
30
29
32
29
29
32
27
31
26
32
27
34
37
32
29
27
32
34
32
32
29
39
38
35
38
34
41
36
32
35
39
39
41
36
36
41
34
39
32
32
36
39
41
39
39
36
38
41
38
41
36
44
33
43
30
46
45
44
44
44
49
49
49
49
49
48
50
49
52
68
51
51
71
57
51
48
57
13
13
51
13
61
61
13
1
5
2
2
2
2
1
1
2
5
10
5
16
5
60
5
5
5
5
7
4
8
12
6
12
15
6
60
12
15
8
6
12
12
4
12
8
8
70
51
15
15
7
64
15
14
15
15
14
20
20
7
21
21
18
20
11
51
24
22
65
24
23
25
17
21
31
30
17
51
25
26
24
27
17
22
23
13
13
13
26
28
31
30
29
31
25
25
29
25
31
34
31
26
26
32
32
34
29
26
34
27
34
37
27
35
36
32
26
37
34
32
34
35
34
32
34
26
32
38
39
36
41
39
46
34
33
36
35
35
46
33
39
41
41
39
39
66
36
39
42
42
42
40
42
46
42
42
42
42
42
40
42
30
42
40
42
42
40
40
45
72
44
44
72
72
73
45
44
30
46
51
30
43
48
51
51
48
30
54
53
51
49
50
53
53
49
50
52
54
49
52
52
52
47
51
47
50
50
51
30
46
30
51
56
56
67
74
58
58
59
58
58
58
58
58
61
58
71
71
51
71
71
51
51
51
48
48
58
13
4
4
75
4
69
4
69
60
63
10
63
1
69
1
4
63
57
1
1
2
2
2
1
1
1
60
69
12
12
70
7
7
12
13
15
12
12
12
15
64
14
15
14
15
57
24
7
23
24
43
27
23
24
24
24
31
29
31
26
26
25
27
26
23
30
37
21
35
32
34
38
36
34
37
35
38
36
41
41
37
39
34
38
37
35
39
41
38
40
39
42
42
39
39
40
40
41
38
42
39
39
42
39
39
66
42
46
66
40
39
30
42
42
44
44
46
44
44
45
44
44
44
33
50
51
30
50
30
52
30
30
50
68
30
49
47
43
48
47
48
48
51
47
51
54
55
68
52
54
53
53
48
30
54
54
51
53
53
54
53
48
71
51
71
51
48
51
57
58
58
58
61
61
58
58
13
13
13
58
58
58
58
58
61
58
58
60
61
4
60
57
63
57
63
63
63
63
4
63
4
63
63
69
2
60
69
69
1
69
2
2
4
8
5
5
8
2
8
60
1
8
9
2
10
6
8
5
8
2
4
5
13
4
7
7
64
7
11
11
15
70
15
12
15
15
14
12
15
15
21
18
64
17
18
17
19
18
11
17
17
18
7
22
7
11
21
64
17
51
51
25
24
24
23
24
26
24
25
24
31
25
26
25
25
29
27
29
27
19
32
34
26
32
26
34
46
25
29
29
26
34
31
26
31
34
29
25
34
34
32
37
34
32
37
37
38
30
32
35
35
32
38
38
36
35
38
37
39
34
51
39
39
40
36
40
39
42
42
39
40
42
40
42
39
42
42
42
52
49
47
50
52
50
52
49
49
51
50
47
47
52
47
50
48
47
53
52
57
51
51
61
61
61
13
51
4
4
75
4
4
4
13
60
62
60
10
10
4
16
1
69
1
2
60
5
5
69
2
2
2
69
1
2
5
1
1
2
5
69
4
9
60
4
16
4
60
4
60
9
11
60
4
7
4
4
16
7
16
4
51
11
14
64
7
7
12
14
7
14
12
15
7
51
15
15
7
18
12
13
13
21
18
22
19
43
19
17
21
21
21
23
17
17
24
22
24
21
23
24
24
29
27
25
31
23
26
31
24
29
29
29
26
26
29
27
29
24
32
31
31
32
26
26
32
34
32
27
32
31
34
34
32
32
30
26
34
32
34
32
29
41
41
38
38
35
18
39
35
33
41
39
35
35
41
41
34
37
39
39
35
39
40
30
42
39
39
39
40
39
36
61
40
40
42
42
42
40
42
40
39
40
43
18
43
33
45
30
18
40
43
40
43
30
30
66
51
42
66
52
50
49
48
52
49
50
49
52
47
50
50
49
47
47
50
50
53
51
53
50
54
30
52
54
30
54
54
53
51
49
51
48
13
13
51
51
48
59
59
59
59
59
58
58
58
58
58
58
58
58
58
13
13
51
48
4
4
62
4
4
4
62
62
4
4
2
3
60
1
4
1
5
1
5
2
13
9
4
9
16
16
9
60
4
4
60
13
15
14
14
12
14
7
11
15
15
15
21
7
43
65
21
51
21
21
18
7
13
25
31
27
26
31
28
29
25
26
28
32
31
43
27
32
31
29
34
27
31
39
41
41
41
37
46
38
39
36
35
41
46
39
39
42
42
39
41
39
40
42
42
7
40
66
40
51
42
43
46
40
42
43
30
39
33
42
42
72
72
73
45
73
45
44
73
44
30
52
52
51
49
68
50
52
49
52
54
50
50
55
47
54
48
52
50
53
54
50
52
50
54
30
49
54
54
50
30
58
58
61
58
59
58
58
58
58
59
59
58
58
48
57
13
51
51
48
51
48
51
57
13
51
51
51
57
60
4
63
69
1
69
69
1
60
1
60
60
69
69
57
4
3
1
2
2
2
2
5
60
5
5
1
5
4
2
60
11
6
16
12
6
70
12
6
6
12
7
8
6
64
12
6
8
12
8
12
14
15
15
14
15
15
15
15
13
13
30
18
43
51
20
7
20
7
46
11
24
17
17
25
30
31
19
7
24
24
26
21
17
25
26
17
17
25
26
22
13
13
27
25
27
25
31
25
28
25
26
26
32
31
34
34
32
31
29
29
34
26
34
32
37
32
27
35
34
34
29
36
35
29
37
35
37
32
26
34
37
34
39
39
41
39
38
39
37
33
36
37
42
42
40
66
42
40
40
40
42
40
72
73
44
73
72
44
73
44
72
51
54
47
68
50
54
47
54
55
50
54
56
56
74
74
51
57
51
58
61
58
58
58
58
58
58
58
13
13
13
48
61
61
63
3
63
3
69
69
69
63
69
